org_id remap_id
1 0
3 1
6 2
47 3
50 4
70 5
101 6
110 7
151 8
157 9
163 10
216 11
223 12
231 13
235 14
260 15
296 16
316 17
333 18
349 19
356 20
362 21
367 22
441 23
457 24
480 25
500 26
527 27
543 28
552 29
553 30
590 31
592 32
593 33
596 34
608 35
648 36
661 37
673 38
733 39
736 40
780 41
919 42
923 43
954 44
1023 45
1025 46
1029 47
1030 48
1031 49
1032 50
1042 51
1049 52
1060 53
1073 54
1080 55
1089 56
1090 57
1092 58
1097 59
1127 60
1136 61
1196 62
1197 63
1198 64
1206 65
1208 66
1210 67
1213 68
1214 69
1219 70
1220 71
1222 72
1224 73
1240 74
1256 75
1258 76
1265 77
1270 78
1275 79
1278 80
1282 81
1291 82
1298 83
1348 84
1377 85
1396 86
1408 87
1500 88
1517 89
1552 90
1573 91
1580 92
1587 93
1617 94
1620 95
1625 96
1644 97
1676 98
1732 99
1777 100
1805 101
1920 102
1954 103
1967 104
2000 105
2005 106
2012 107
2018 108
2028 109
2046 110
2054 111
2058 112
2078 113
2090 114
2094 115
2096 116
2105 117
2115 118
2116 119
2137 120
2139 121
2141 122
2143 123
2161 124
2174 125
2193 126
2253 127
2268 128
2273 129
2291 130
2329 131
2338 132
2353 133
2366 134
2387 135
2395 136
2406 137
2414 138
2427 139
2450 140
2459 141
2470 142
2478 143
2502 144
2528 145
2529 146
2542 147
2571 148
2580 149
2596 150
2616 151
2617 152
2628 153
2640 154
2641 155
2648 156
2657 157
2692 158
2700 159
2716 160
2761 161
2797 162
2826 163
2858 164
2872 165
2916 166
2944 167
2947 168
2948 169
2949 170
2959 171
2985 172
2987 173
2991 174
2993 175
2997 176
3033 177
3034 178
3052 179
3053 180
3062 181
3147 182
3168 183
3176 184
3243 185
3247 186
3253 187
3273 188
3386 189
3439 190
3440 191
3441 192
3448 193
3450 194
3479 195
3489 196
3527 197
3578 198
3617 199
3639 200
3671 201
3702 202
3703 203
3740 204
3744 205
3793 206
3809 207
5060 208
318 209
1704 210
6874 211
8798 212
46970 213
48516 214
58559 215
60756 216
68157 217
71535 218
74458 219
77455 220
79132 221
80489 222
80906 223
89774 224
91529 225
91658 226
99114 227
106782 228
109487 229
112552 230
115713 231
122882 232
31 233
647 234
720 235
849 236
914 237
1093 238
1124 239
1263 240
1272 241
1302 242
1371 243
2080 244
2288 245
2424 246
3210 247
3949 248
72378 249
21 250
32 251
45 252
52 253
58 254
125 255
162 256
176 257
215 258
222 259
232 260
247 261
265 262
319 263
342 264
345 265
348 266
351 267
357 268
368 269
417 270
475 271
492 272
509 273
538 274
539 275
588 276
595 277
599 278
708 279
800 280
892 281
898 282
899 283
902 284
904 285
908 286
910 287
912 288
920 289
930 290
1057 291
1077 292
1079 293
1084 294
1086 295
1094 296
1103 297
1179 298
1183 299
1188 300
1199 301
1203 302
1211 303
1225 304
1250 305
1259 306
1266 307
1283 308
1288 309
1304 310
1391 311
1449 312
1466 313
1597 314
1641 315
1719 316
1834 317
1883 318
1885 319
1892 320
1895 321
1907 322
1916 323
1923 324
1947 325
1968 326
2019 327
2076 328
2109 329
2145 330
2150 331
2186 332
2324 333
2336 334
2359 335
2467 336
2583 337
2599 338
2683 339
2712 340
2762 341
2763 342
2770 343
2791 344
2921 345
2926 346
2973 347
3044 348
3060 349
3083 350
3160 351
3175 352
3255 353
3317 354
3408 355
3481 356
3508 357
3591 358
3897 359
3911 360
3967 361
3996 362
4002 363
4014 364
4020 365
4027 366
4029 367
4033 368
4034 369
4121 370
4144 371
4226 372
4239 373
4246 374
4308 375
4641 376
4881 377
4896 378
4967 379
34 380
36 381
39 382
150 383
153 384
253 385
261 386
266 387
290 388
300 389
344 390
364 391
380 392
410 393
474 394
515 395
531 396
534 397
589 398
594 399
597 400
2 401
5 402
7 403
10 404
11 405
15 406
16 407
17 408
19 409
22 410
24 411
25 412
26 413
41 414
46 415
60 416
62 417
65 418
76 419
79 420
86 421
88 422
95 423
100 424
104 425
105 426
112 427
135 428
140 429
141 430
145 431
158 432
159 433
160 434
161 435
165 436
168 437
170 438
180 439
181 440
185 441
186 442
196 443
204 444
207 445
208 446
218 447
224 448
225 449
230 450
234 451
236 452
237 453
239 454
248 455
252 456
256 457
257 458
262 459
267 460
273 461
276 462
277 463
281 464
282 465
288 466
292 467
293 468
303 469
314 470
315 471
317 472
327 473
329 474
332 475
337 476
339 477
350 478
353 479
355 480
361 481
366 482
370 483
371 484
374 485
377 486
381 487
382 488
383 489
405 490
412 491
415 492
419 493
432 494
434 495
435 496
440 497
445 498
454 499
455 500
466 501
468 502
477 503
485 504
489 505
490 506
491 507
493 508
494 509
497 510
502 511
508 512
516 513
520 514
524 515
532 516
537 517
540 518
542 519
546 520
575 521
587 522
609 523
616 524
628 525
631 526
637 527
640 528
694 529
709 530
719 531
762 532
765 533
783 534
799 535
801 536
802 537
830 538
837 539
838 540
839 541
842 542
852 543
880 544
986 545
991 546
996 547
999 548
1061 549
1064 550
750 551
924 552
1101 553
1246 554
1584 555
1610 556
1682 557
1784 558
1917 559
2671 560
2688 561
2701 562
2717 563
3114 564
3354 565
3623 566
3869 567
3916 568
3977 569
3994 570
4018 571
4223 572
4306 573
4310 574
4370 575
4643 576
4700 577
4874 578
4886 579
4963 580
4993 581
4995 582
5218 583
5349 584
5378 585
5445 586
5459 587
5464 588
5502 589
5618 590
5816 591
5952 592
5989 593
5991 594
6333 595
6365 596
6534 597
6539 598
6863 599
6934 600
7143 601
7153 602
7445 603
8360 604
8368 605
8373 606
8528 607
8636 608
8665 609
8783 610
8865 611
8907 612
8949 613
8957 614
8958 615
8961 616
8965 617
8970 618
8972 619
8984 620
30812 621
30816 622
31878 623
32031 624
32587 625
33162 626
33493 627
33794 628
33836 629
34048 630
34319 631
37741 632
45499 633
45517 634
46530 635
48783 636
49272 637
49278 638
49286 639
586 640
922 641
1037 642
1095 643
1674 644
2011 645
2023 646
2300 647
2901 648
3173 649
3328 650
3735 651
4558 652
5481 653
5507 654
5872 655
5902 656
5956 657
1028 658
1088 659
1247 660
1307 661
3882 662
4447 663
5066 664
5377 665
5620 666
5943 667
5957 668
6155 669
6377 670
6535 671
6942 672
7149 673
7151 674
7293 675
7451 676
7458 677
8529 678
8533 679
8969 680
30749 681
31433 682
31685 683
33679 684
40629 685
40819 686
41285 687
47099 688
51662 689
54286 690
56367 691
56949 692
58047 693
60397 694
60950 695
63113 696
63992 697
64969 698
66203 699
68954 700
69406 701
69844 702
70183 703
70293 704
72011 705
72737 706
72998 707
73017 708
79091 709
80549 710
81845 711
81847 712
84374 713
87222 714
88163 715
88810 716
92259 717
95167 718
95510 719
96079 720
97938 721
103335 722
104374 723
106489 724
106696 725
109374 726
119145 727
136020 728
140110 729
44 730
376 731
529 732
1100 733
1358 734
1370 735
1385 736
1438 737
1518 738
1586 739
1608 740
1616 741
1687 742
1693 743
1721 744
1882 745
1918 746
2002 747
1357 748
1405 749
1876 750
2072 751
2100 752
2421 753
2485 754
2572 755
2581 756
2694 757
3668 758
1173 759
1590 760
1619 761
1639 762
2541 763
3300 764
3409 765
3624 766
3717 767
3753 768
3798 769
3827 770
3863 771
3893 772
4011 773
4148 774
193 775
784 776
172 777
858 778
1200 779
1347 780
1527 781
1653 782
1909 783
2001 784
2081 785
2085 786
2278 787
3156 788
3499 789
3510 790
3535 791
3555 792
4022 793
4720 794
5971 795
6502 796
7254 797
7438 798
8644 799
48304 800
48774 801
48780 802
50872 803
56174 804
59315 805
60069 806
63859 807
64614 808
68237 809
69757 810
70286 811
71057 812
71264 813
84152 814
84954 815
85414 816
89745 817
91500 818
94864 819
96610 820
101864 821
103249 822
104841 823
105504 824
110102 825
111759 826
112556 827
112852 828
115149 829
122886 830
122904 831
122922 832
122924 833
134130 834
134853 835
152077 836
152081 837
166528 838
111 839
541 840
745 841
913 842
1148 843
1186 844
1193 845
1201 846
1207 847
1223 848
1230 849
1252 850
1260 851
1261 852
1267 853
1276 854
1281 855
1299 856
1680 857
2490 858
2707 859
2723 860
3000 861
3108 862
3174 863
3429 864
3683 865
3741 866
4878 867
4973 868
5782 869
6350 870
7099 871
7361 872
27611 873
27773 874
48394 875
78499 876
1036 877
1209 878
1221 879
1228 880
1234 881
1375 882
2194 883
3039 884
3263 885
3435 886
3681 887
4571 888
6016 889
6870 890
7482 891
31658 892
64839 893
68358 894
80463 895
81932 896
82459 897
431 898
442 899
555 900
653 901
778 902
1020 903
1059 904
1212 905
1227 906
1245 907
1356 908
1374 909
1544 910
1729 911
1961 912
2409 913
2410 914
2411 915
2412 916
2420 917
2422 918
2706 919
2918 920
2951 921
2953 922
3081 923
3257 924
3275 925
3462 926
3751 927
3785 928
4007 929
4262 930
4327 931
4728 932
4816 933
5266 934
5418 935
5574 936
5608 937
5669 938
5679 939
5903 940
5944 941
5995 942
6287 943
6373 944
6378 945
6440 946
6548 947
6709 948
6787 949
6807 950
6888 951
7147 952
7317 953
7318 954
7323 955
7373 956
8361 957
8641 958
8784 959
8917 960
8950 961
27831 962
30793 963
33004 964
33615 965
34150 966
34405 967
36519 968
36529 969
37386 970
37729 971
37733 972
38038 973
38061 974
44022 975
44191 976
44199 977
44555 978
44665 979
45722 980
46578 981
46965 982
47200 983
49651 984
51540 985
52604 986
53125 987
53464 988
53972 989
53996 990
54272 991
55118 992
55247 993
55276 994
55290 995
55765 996
56757 997
57640 998
57669 999
58295 1000
59615 1001
59784 1002
60040 1003
60074 1004
60684 1005
62434 1006
63131 1007
64957 1008
66934 1009
67255 1010
68319 1011
69122 1012
69951 1013
73321 1014
74789 1015
76077 1016
76175 1017
76251 1018
77561 1019
78469 1020
79293 1021
79592 1022
79695 1023
79702 1024
80219 1025
83349 1026
86190 1027
86332 1028
86880 1029
87232 1030
88129 1031
88140 1032
91542 1033
95441 1034
97752 1035
98809 1036
102125 1037
102445 1038
102903 1039
103253 1040
103772 1041
104241 1042
104879 1043
106072 1044
106487 1045
111362 1046
112183 1047
116797 1048
116823 1049
117176 1050
122892 1051
122900 1052
122918 1053
122920 1054
122926 1055
135569 1056
139385 1057
142488 1058
148626 1059
158238 1060
159093 1061
164179 1062
168252 1063
12 1064
48 1065
107 1066
173 1067
338 1068
372 1069
379 1070
420 1071
427 1072
551 1073
610 1074
671 1075
724 1076
742 1077
743 1078
761 1079
785 1080
788 1081
798 1082
810 1083
832 1084
866 1085
903 1086
911 1087
915 1088
933 1089
965 1090
1021 1091
1047 1092
1081 1093
1129 1094
1215 1095
1257 1096
1269 1097
1285 1098
1297 1099
1333 1100
1339 1101
1342 1102
1345 1103
1359 1104
1367 1105
1372 1106
1373 1107
1376 1108
1378 1109
1379 1110
1380 1111
1394 1112
1407 1113
1409 1114
1441 1115
1457 1116
1474 1117
1479 1118
1485 1119
1499 1120
1556 1121
1562 1122
1566 1123
1569 1124
1588 1125
1591 1126
1603 1127
1614 1128
1645 1129
1663 1130
1665 1131
1688 1132
1690 1133
1702 1134
1717 1135
1722 1136
1747 1137
1748 1138
1754 1139
1779 1140
1831 1141
1845 1142
1848 1143
1894 1144
1911 1145
1921 1146
1963 1147
1970 1148
1991 1149
1994 1150
2003 1151
2004 1152
2052 1153
2053 1154
2060 1155
2065 1156
2082 1157
2088 1158
2108 1159
2110 1160
2118 1161
2123 1162
2133 1163
2134 1164
2140 1165
2144 1166
2153 1167
2167 1168
2232 1169
2243 1170
2245 1171
2248 1172
2249 1173
2294 1174
2302 1175
2321 1176
2335 1177
2355 1178
2369 1179
2371 1180
2375 1181
2393 1182
2394 1183
2396 1184
2407 1185
2413 1186
2416 1187
2423 1188
2428 1189
2455 1190
2463 1191
2468 1192
2496 1193
2539 1194
2605 1195
2606 1196
2622 1197
2642 1198
2643 1199
2672 1200
2687 1201
2699 1202
2710 1203
2719 1204
2720 1205
2722 1206
2746 1207
2788 1208
2802 1209
2804 1210
2808 1211
2822 1212
2840 1213
2857 1214
2867 1215
2915 1216
2968 1217
2995 1218
3005 1219
3016 1220
3035 1221
3070 1222
3072 1223
3082 1224
3087 1225
3101 1226
3104 1227
3113 1228
3146 1229
3203 1230
3213 1231
3219 1232
3248 1233
3254 1234
3258 1235
3264 1236
3269 1237
3301 1238
3316 1239
3355 1240
3361 1241
3396 1242
3397 1243
3398 1244
3418 1245
3421 1246
3424 1247
3471 1248
3476 1249
3477 1250
3483 1251
3526 1252
3534 1253
3536 1254
3551 1255
3608 1256
3686 1257
3698 1258
3699 1259
3701 1260
3704 1261
3745 1262
3752 1263
3763 1264
3784 1265
3825 1266
3826 1267
1013 1268
1015 1269
1022 1270
1035 1271
2006 1272
2059 1273
2083 1274
2087 1275
2135 1276
2565 1277
3157 1278
3159 1279
3189 1280
3438 1281
3615 1282
3755 1283
3852 1284
3948 1285
3972 1286
3986 1287
3988 1288
3999 1289
4016 1290
4019 1291
4025 1292
4039 1293
4054 1294
4161 1295
4232 1296
4270 1297
4299 1298
4344 1299
4366 1300
4367 1301
4369 1302
4378 1303
4446 1304
4638 1305
4718 1306
4734 1307
4776 1308
4848 1309
4865 1310
4901 1311
4979 1312
5013 1313
5014 1314
5015 1315
5103 1316
5110 1317
5171 1318
5254 1319
5299 1320
5313 1321
5388 1322
5419 1323
5463 1324
5630 1325
5693 1326
5785 1327
6156 1328
6157 1329
6297 1330
2376 1331
2378 1332
2402 1333
2403 1334
2724 1335
2989 1336
2990 1337
3633 1338
3635 1339
3638 1340
3697 1341
3868 1342
3984 1343
4005 1344
4040 1345
4085 1346
4489 1347
4545 1348
4621 1349
4701 1350
5219 1351
6503 1352
7569 1353
30825 1354
34162 1355
40815 1356
41566 1357
45186 1358
45447 1359
45672 1360
46972 1361
47997 1362
52973 1363
53121 1364
53322 1365
56775 1366
58025 1367
58998 1368
59369 1369
59900 1370
63082 1371
68791 1372
69526 1373
69644 1374
72641 1375
76093 1376
81229 1377
81564 1378
81591 1379
81834 1380
87520 1381
88125 1382
88405 1383
88744 1384
91535 1385
91630 1386
93510 1387
94677 1388
94777 1389
96588 1390
97913 1391
103141 1392
103228 1393
104211 1394
105844 1395
106916 1396
106918 1397
106920 1398
108190 1399
108932 1400
110553 1401
111113 1402
111743 1403
111781 1404
112138 1405
112175 1406
114180 1407
115617 1408
117529 1409
117590 1410
119141 1411
134368 1412
135536 1413
135887 1414
138036 1415
1952 1416
1953 1417
2160 1418
3006 1419
4017 1420
4036 1421
5617 1422
5673 1423
6711 1424
8464 1425
8622 1426
30707 1427
31410 1428
34437 1429
39183 1430
41997 1431
46976 1432
52281 1433
53519 1434
54503 1435
55820 1436
56171 1437
56782 1438
61323 1439
66097 1440
71464 1441
29 1442
175 1443
272 1444
741 1445
1175 1446
1217 1447
1218 1448
1233 1449
1237 1450
1243 1451
1248 1452
1249 1453
1274 1454
1284 1455
1464 1456
1711 1457
1884 1458
1960 1459
2686 1460
2912 1461
3030 1462
4235 1463
6773 1464
6857 1465
8228 1466
8370 1467
2405 1468
3556 1469
4855 1470
5064 1471
5791 1472
31696 1473
35836 1474
47610 1475
57368 1476
61024 1477
61132 1478
86882 1479
102407 1480
122912 1481
122916 1482
176371 1483
187593 1484
421 1485
969 1486
1262 1487
1287 1488
1387 1489
2311 1490
2530 1491
2532 1492
3037 1493
3451 1494
3654 1495
3791 1496
3836 1497
23 1498
147 1499
428 1500
481 1501
507 1502
714 1503
1120 1504
1171 1505
1253 1506
1271 1507
1303 1508
1459 1509
1480 1510
2021 1511
2231 1512
2841 1513
2908 1514
2952 1515
3020 1516
3100 1517
3105 1518
3107 1519
3178 1520
3198 1521
3246 1522
3252 1523
3256 1524
3260 1525
3271 1526
3360 1527
3543 1528
3783 1529
3980 1530
4238 1531
4343 1532
5010 1533
5152 1534
5267 1535
5577 1536
5945 1537
6281 1538
6537 1539
6552 1540
6565 1541
6796 1542
6867 1543
6947 1544
6953 1545
6957 1546
6993 1547
7090 1548
8810 1549
8874 1550
8914 1551
8983 1552
33166 1553
33660 1554
36517 1555
40278 1556
40583 1557
41569 1558
43928 1559
44195 1560
44761 1561
46723 1562
47629 1563
48385 1564
48738 1565
49530 1566
50068 1567
51255 1568
51935 1569
52328 1570
53953 1571
54997 1572
56145 1573
56587 1574
58293 1575
58803 1576
59387 1577
62374 1578
62849 1579
64716 1580
64983 1581
953 1582
1204 1583
1242 1584
1772 1585
1792 1586
1945 1587
2301 1588
3363 1589
4980 1590
7156 1591
87306 1592
98961 1593
96821 1594
1231 1595
1393 1596
194 1597
203 1598
246 1599
471 1600
786 1601
1104 1602
1429 1603
28 1604
249 1605
307 1606
308 1607
562 1608
805 1609
994 1610
1027 1611
1476 1612
1537 1613
1672 1614
1673 1615
1799 1616
1801 1617
2391 1618
2501 1619
3997 1620
5449 1621
6242 1622
6618 1623
27801 1624
44974 1625
2735 1626
2794 1627
3270 1628
3362 1629
3861 1630
6662 1631
585 1632
306 1633
514 1634
3285 1635
3968 1636
4890 1637
6708 1638
7173 1639
7444 1640
8981 1641
54001 1642
56941 1643
59725 1644
61240 1645
65230 1646
87869 1647
93840 1648
97921 1649
111659 1650
112290 1651
115569 1652
128360 1653
136864 1654
122 1655
144 1656
227 1657
413 1658
1343 1659
1431 1660
1488 1661
1513 1662
1726 1663
1810 1664
1835 1665
2146 1666
2297 1667
2352 1668
2404 1669
2433 1670
2505 1671
2598 1672
2702 1673
2713 1674
2795 1675
2796 1676
2805 1677
2827 1678
2871 1679
2890 1680
3098 1681
3186 1682
3259 1683
3261 1684
3298 1685
3552 1686
3646 1687
3824 1688
4008 1689
4041 1690
4084 1691
4153 1692
4321 1693
4351 1694
4361 1695
4487 1696
4623 1697
4679 1698
519 1699
18 1700
663 1701
737 1702
836 1703
69 1704
934 1705
1033 1706
1615 1707
1753 1708
1769 1709
2064 1710
2124 1711
2431 1712
2731 1713
3004 1714
3268 1715
3274 1716
4958 1717
4974 1718
5151 1719
5283 1720
5308 1721
5528 1722
53993 1723
2942 1724
3969 1725
4975 1726
5108 1727
7160 1728
45950 1729
53894 1730
63876 1731
106100 1732
1320 1733
8371 1734
909 1735
1251 1736
1273 1737
1289 1738
3730 1739
5810 1740
7247 1741
45880 1742
81562 1743
90746 1744
93326 1745
97225 1746
97304 1747
104913 1748
135143 1749
137857 1750
139644 1751
174055 1752
1235 1753
1244 1754
1301 1755
1350 1756
1997 1757
2379 1758
2454 1759
2533 1760
2664 1761
3148 1762
3388 1763
3917 1764
4291 1765
4340 1766
4876 1767
4992 1768
5505 1769
6323 1770
6659 1771
6793 1772
6873 1773
7004 1774
7163 1775
8623 1776
42723 1777
45666 1778
48877 1779
52722 1780
51077 1781
52245 1782
54995 1783
54999 1784
69481 1785
748 1786
916 1787
1125 1788
1982 1789
1293 1790
198 1791
707 1792
951 1793
955 1794
1254 1795
1277 1796
1388 1797
1416 1798
1912 1799
2009 1800
2067 1801
2289 1802
2476 1803
3507 1804
3593 1805
280 1806
928 1807
1944 1808
2020 1809
3461 1810
3504 1811
2739 1812
6541 1813
6564 1814
27660 1815
27706 1816
27808 1817
48043 1818
49649 1819
51086 1820
59501 1821
60072 1822
60126 1823
67734 1824
68554 1825
78105 1826
82461 1827
86911 1828
89492 1829
89864 1830
90866 1831
102123 1832
103042 1833
103341 1834
106002 1835
107348 1836
107406 1837
111360 1838
114662 1839
115210 1840
118696 1841
143355 1842
168250 1843
179819 1844
1965 1845
3088 1846
4105 1847
7022 1848
7387 1849
8376 1850
8873 1851
27904 1852
30810 1853
45728 1854
53000 1855
54259 1856
89904 1857
968 1858
2313 1859
4023 1860
4128 1861
4448 1862
5026 1863
5225 1864
5291 1865
5690 1866
5878 1867
5954 1868
6188 1869
6218 1870
6296 1871
6331 1872
6385 1873
6936 1874
6944 1875
7162 1876
7360 1877
34072 1878
535 1879
1216 1880
1956 1881
2312 1882
2966 1883
3262 1884
4149 1885
4499 1886
5265 1887
6754 1888
6979 1889
7325 1890
1019 1891
1292 1892
1381 1893
1515 1894
1635 1895
2125 1896
2334 1897
2340 1898
2471 1899
2567 1900
2662 1901
2728 1902
2803 1903
2881 1904
2950 1905
3452 1906
3978 1907
3981 1908
4015 1909
4069 1910
4326 1911
4388 1912
4639 1913
4677 1914
4823 1915
5049 1916
5400 1917
5444 1918
5541 1919
6383 1920
6595 1921
6753 1922
6755 1923
6879 1924
7346 1925
7454 1926
8366 1927
8781 1928
8807 1929
8861 1930
8910 1931
8985 1932
30822 1933
40732 1934
41571 1935
42738 1936
45431 1937
45501 1938
45720 1939
49274 1940
52287 1941
52435 1942
52975 1943
54004 1944
54881 1945
55052 1946
55282 1947
56152 1948
59258 1949
62999 1950
67087 1951
83134 1952
84772 1953
86833 1954
89470 1955
94959 1956
1172 1957
1955 1958
1959 1959
1962 1960
3359 1961
3468 1962
91077 1963
2136 1964
47518 1965
72226 1966
76293 1967
926 1968
1041 1969
2010 1970
2360 1971
3089 1972
3307 1973
5812 1974
39292 1975
2318 1976
39446 1977
20 1978
2792 1979
164 1980
1189 1981
4887 1982
6059 1983
90405 1984
2384 1985
4386 1986
5065 1987
6550 1988
6586 1989
6593 1990
6764 1991
55442 1992
14 1993
154 1994
900 1995
1091 1996
1131 1997
1135 1998
1194 1999
1295 2000
1296 2001
3910 2002
905 2003
37384 2004
55269 2005
84944 2006
157296 2007
177765 2008
81 2009
1411 2010
533 2011
1321 2012
1974 2013
2117 2014
2122 2015
3267 2016
4214 2017
4254 2018
5294 2019
5650 2020
6283 2021
6620 2022
2114 2023
2398 2024
54190 2025
2600 2026
4954 2027
5072 2028
71745 2029
1958 2030
3244 2031
233 2032
4873 2033
7367 2034
59022 2035
65088 2036
1833 2037
2325 2038
1178 2039
3821 2040
7347 2041
7371 2042
8638 2043
26662 2044
27815 2045
36401 2046
5135 2047
5881 2048
2447 2049
3979 2050
4247 2051
5025 2052
6003 2053
6482 2054
7439 2055
34520 2056
44840 2057
44972 2058
99007 2059
1589 2060
1735 2061
3831 2062
73 2063
99112 2064
71530 2065
96737 2066
97306 2067
7265 2068
112623 2069
5992 2070
26776 2071
48082 2072
1483 2073
2798 2074
3812 2075
4467 2076
188 2077
8640 2078
373 2079
1344 2080
1950 2081
1957 2082
2819 2083
3998 2084
4368 2085
7324 2086
37727 2087
98243 2088
9 2089
3618 2090
1078 2091
2247 2092
2779 2093
2863 2094
3503 2095
2126 2096
2367 2097
2986 2098
2013 2099
3564 2100
42011 2101
45081 2102
65261 2103
2474 2104
4642 2105
6294 2106
122906 2107
952 2108
2346 2109
2527 2110
36708 2111
46335 2112
3688 2113
51412 2114
85510 2115
93363 2116
111364 2117
1327 2118
5128 2119
